-2.90511 -2.116564 -10.509564
2.275737 0.03402 0.048882
-2.90511 0.03402 -0.538158
-0.167324 -2.898882 -0.539192
1.396077 -2.605477 -3.763776
2.86293 0.03402 -2.102908
-2.90511 -2.116564 -1.417684
2.17806 -2.018954 -0.636343
-2.806869 -1.823446 -10.509564
-0.46092 -2.898882 -6.695874
-1.047549 -2.116564 0.048882
-2.513837 0.03402 -1.809388
2.86293 -0.748298 -2.200059
-2.317918 0.03402 0.048882
1.200722 -2.018954 0.048882
-0.949871 -2.800984 -0.636343
0.614094 -2.898882 -0.734527
2.86293 -0.55279 -0.539192
