-2.90511 2.184795 -10.509564
2.471656 0.03402 -0.049303
-2.806869 0.03402 -0.439974
-0.46092 2.869158 -0.538158
1.493754 2.57582 -3.56844
2.86293 0.03402 -2.102908
-2.90511 2.184795 -1.515869
-2.90511 1.793493 -10.509564
2.373979 1.793493 -0.636343
-0.558598 2.869158 -6.892242
-2.90511 0.03402 -1.614053
-1.242903 1.989144 0.048882
0.907691 2.771194 -0.538158
2.86293 0.718383 -2.201093
-2.317918 0.03402 0.048882
1.103045 2.086831 0.047848
0.712336 2.869158 -4.839671
-0.753952 2.869158 -0.733493
-1.438258 2.184795 -8.554144
