9.399716 8.562221 0.132673
-9.418136 -8.562221 -0.884689
-8.57143 9.411366 -0.884689
12.45469 -2.28635 -0.884689
-4.669751 -11.785559 0.132673
-11.792328 4.662982 0.132673
7.87467 -9.918901 0.132673
3.126286 -12.293094 -0.884689
2.27958 12.4639 -0.884689
-3.144705 12.293094 0.132673
12.45469 -2.28635 0.132673
11.773909 4.662982 -0.884689
-12.473109 -2.28635 0.132673
-12.473109 2.28635 -0.884689
9.399716 -8.562221 -0.884689
-3.144705 -12.293094 -0.884689
2.27958 -12.4639 0.132673
3.126286 12.293094 0.132673
7.87467 9.918901 -0.884689
-9.418136 -8.562221 0.132673
12.283884 3.135495 0.132673
-11.792328 -4.662982 -0.884689
-8.57143 9.411366 0.132673
-4.669751 11.785559 -0.884689
11.773909 -4.662982 0.132673
-9.928111 7.88388 -0.884689
-7.893089 -9.918901 -0.884689
12.45469 2.28635 -0.884689
4.651332 -11.785559 -0.884689
4.651332 11.785559 0.132673
